Geneid	SRR1039508	SRR1039509	SRR1039513	SRR1039512
DDX11L1	1	0	1	1
WASH7P	14	15	18	39
MIR6859-1	1	0	0	0
MIR1302-2HG	2	2	1	2
MIR1302-2	0	0	0	0
FAM138A	0	0	0	2
OR4G4P	0	0	0	0
OR4G11P	0	0	0	0
OR4F5	0	0	0	0
AL627309.1	0	1	1	4
AL627309.3	0	0	0	0
CICP27	0	0	0	0
AL627309.6	0	0	0	1
AL627309.7	0	0	0	0
AL627309.2	0	0	0	0
AL627309.5	2	0	0	2
RNU6-1100P	0	0	0	0
AL627309.4	0	0	0	0
FO538757.2	0	1	0	0
FO538757.1	32	28	26	35
MIR6859-2	0	0	0	0
AP006222.1	61	28	15	51
RPL23AP24	5	5	0	1
AL732372.1	1	0	0	0
AL732372.2	0	1	1	4
WBP1LP7	0	0	0	0
OR4F29	0	0	0	0
CICP7	0	0	0	0
AL732372.3	1	0	1	0
RF00026	0	0	0	0
AL669831.3	0	1	0	0
AC114498.1	0	0	0	0
MTND1P23	532	653	633	787
MTND2P28	2262	2271	2428	3142
MTCO1P12	15439	15536	12580	19362
MIR6723	0	0	0	0
MTCO2P12	1674	2230	2536	3886
MTATP8P1	376	411	424	620
MTATP6P1	3859	4073	3964	5394
MTCO3P12	3139	3484	2791	2970
WBP1LP6	0	0	0	0
OR4F16	0	0	0	0
CICP3	0	1	0	0
AL669831.1	8	7	7	7
RNU6-1199P	0	0	0	0
AL669831.2	1	0	0	0
AL669831.5	11	13	7	0
AL669831.7	0	0	0	0
AL669831.4	4	1	0	0
FAM87B	0	0	0	0
LINC01128	22	25	23	0
LINC00115	5	0	5	0
FAM41C	1	0	0	0
TUBB8P11	6	2	1	0
AL669831.6	0	0	0	0
AL645608.7	0	0	0	0
AL645608.3	1	0	0	0
AL645608.5	0	0	0	0
AL645608.1	3	0	0	0
SAMD11	17	4	0	0
NOC2L	92	102	55	1
KLHL17	38	20	10	0
PLEKHN1	2	1	0	0
PERM1	0	0	0	0
AL645608.8	0	0	0	0
HES4	4	5	0	0
ISG15	29	26	7	0
AL645608.4	29	27	18	0
AL645608.2	1	0	0	0
AGRN	219	149	87	0
AL645608.6	0	0	0	0
AL390719.1	0	1	0	0
AL645608.9	0	0	0	0
RNF223	0	0	0	0
C1orf159	15	6	7	0
LINC01342	0	0	0	0
MIR200B	0	0	0	0
MIR200A	0	0	0	0
MIR429	0	0	0	0
AL390719.2	0	0	0	0
TTLL10-AS1	0	0	0	0
TTLL10	0	0	0	0
TNFRSF18	0	0	0	0
TNFRSF4	0	0	0	0
SDF4	404	426	270	0
B3GALT6	43	41	16	0
C1QTNF12	2	0	0	0
AL162741.1	0	0	2	0
UBE2J2	54	48	41	0
LINC01786	1	0	0	0
SCNN1D	12	6	8	0
ACAP3	164	112	43	0
MIR6726	0	0	0	0
PUSL1	16	13	7	0
INTS11	129	98	58	0
MIR6727	0	0	0	0
AL139287.1	1	3	3	0
CPTP	35	25	24	0
TAS1R3	3	0	0	0
DVL1	104	107	58	0
MIR6808	0	0	0	0
MXRA8	1046	994	689	0
AURKAIP1	74	64	36	0
NDUFB4P8	0	0	0	0
CCNL2	395	405	283	0
AL391244.1	19	26	12	0
MRPL20	43	54	33	0
RN7SL657P	0	0	0	0
AL391244.3	13	7	14	0
ANKRD65	4	8	1	0
AL391244.2	0	0	0	0
TMEM88B	0	0	0	0
LINC01770	0	0	0	0
VWA1	15	10	4	0
ATAD3C	1	1	1	0
ATAD3B	24	20	17	0
AL645728.2	0	2	0	0
ATAD3A	16	26	16	0
TMEM240	7	6	4	0
SSU72	165	176	133	0
AL645728.1	0	0	1	0
AL691432.3	0	0	0	0
FNDC10	18	11	2	0
AL691432.2	7	0	7	0
MIB2	106	81	31	0
MMP23B	0	2	0	0
CDK11B	57	53	37	0
FO704657.1	0	0	0	0
SLC35E2B	139	96	77	0
AL691432.1	2	5	0	0
MMP23A	0	0	0	0
CDK11A	3	5	0	0
AL031282.2	3	3	2	0
AL031282.1	0	0	1	0
SLC35E2A	61	32	8	0
NADK	98	146	97	0
GNB1	684	590	514	0
AL109917.1	0	0	1	0
CALML6	1	2	3	0
TMEM52	0	0	0	0
CFAP74	1	2	1	0
AL391845.2	0	0	0	0
GABRD	1	0	1	0
AL391845.1	0	0	0	0
PRKCZ	0	2	2	0
AL590822.2	0	0	0	0
PRKCZ-AS1	1	2	1	0
FAAP20	59	69	34	0
AL590822.1	0	0	0	0
SKI	202	174	118	0
MORN1	4	6	4	0
AL589739.1	0	0	0	0
AL513477.1	5	2	4	0
AL513477.2	0	0	0	0
RER1	155	212	116	0
PEX10	20	10	9	0
PLCH2	0	0	0	0
AL139246.1	0	0	0	0
AL139246.4	0	0	1	0
PANK4	25	40	11	0
HES5	0	0	0	0
AL139246.5	0	0	0	0
TNFRSF14-AS1	0	1	0	0
TNFRSF14	55	46	16	0
AL139246.2	0	0	0	0
AL139246.3	1	0	0	0
FAM213B	30	41	22	0
MMEL1	0	0	0	0
AL831784.1	0	0	0	0
TTC34	3	0	0	0
AC242022.1	0	0	0	0
AL592464.2	0	0	0	0
AL592464.1	0	0	0	0
AL589702.1	0	0	0	0
ACTRT2	0	0	0	0
LINC00982	1	1	0	0
PRDM16	7	4	1	0
MIR4251	0	0	0	0
AL008733.1	0	0	0	0
AL512383.1	0	0	0	0
AL590438.1	1	0	0	0
ARHGEF16	0	0	0	0
AL512413.1	0	0	0	0
MEGF6	35	27	45	0
MIR551A	0	0	0	0
AL513320.1	0	1	0	0
TPRG1L	161	107	127	0
WRAP73	28	33	17	0
TP73	0	0	0	0
AL136528.1	0	0	0	0
AL136528.2	0	0	0	0
TP73-AS1	90	51	47	0
RF02197	0	0	0	0
CCDC27	0	1	0	0
SMIM1	5	1	0	0
LRRC47	61	64	49	0
RN7SL574P	1	0	0	0
AL365330.1	0	0	0	0
CEP104	58	56	43	0
DFFB	8	11	5	0
C1orf174	32	26	23	0
LINC01134	2	0	0	0
LINC01346	0	0	0	0
LINC01345	0	0	0	0
AL805961.1	0	0	0	0
AL805961.2	0	1	0	0
EEF1DP6	0	0	0	0
LINC01777	0	0	0	0
AL355602.1	0	0	0	0
Z98747.1	0	0	0	0
LINC01646	0	0	0	0
AJAP1	0	0	0	0
BX005132.2	0	0	0	0
BX005132.1	0	0	0	0
AL691497.1	0	0	0	0
AL139823.1	0	0	0	0
Z98259.3	0	0	0	0
Z98259.2	0	0	0	0
Z98259.1	0	0	0	0
Z97988.1	0	0	0	0
AL365255.1	0	0	0	0
MIR4417	0	0	0	0
MIR4689	0	0	0	0
NPHP4	31	29	5	0
KCNAB2	17	20	16	0
CHD5	3	0	0	0
RPL22	950	838	571	0
AL031847.1	1	0	0	0
RNF207	6	1	4	0
ICMT	246	0	189	0
LINC00337	0	0	0	0
HES3	0	0	0	0
GPR153	86	0	20	0
ACOT7	17	0	36	0
AL031848.2	0	0	0	0
HES2	1	0	1	0
ESPN	0	0	0	0
MIR4252	0	0	0	0
AL031848.1	0	0	0	0
TNFRSF25	0	0	2	0
PLEKHG5	0	0	3	0
NOL9	2	0	16	0
RNU6-731P	0	0	0	0
AL591866.1	0	0	0	0
TAS1R1	0	0	0	0
ZBTB48	0	0	16	0
KLHL21	1	0	199	0
PHF13	0	0	48	0
THAP3	0	0	11	0
DNAJC11	0	0	38	0
LINC01672	0	0	0	0
AL591163.1	0	0	1	0
CAMTA1-DT	0	0	0	0
CAMTA1	0	0	13	0
AL590128.1	0	0	0	0
AL512330.1	0	0	0	0
RNU1-8P	0	0	0	0
CAMTA1-IT1	0	0	0	0
Z97987.1	0	0	0	0
AL365194.1	0	0	0	0
AL359881.3	0	0	0	0
AL359881.2	0	0	0	0
AL359881.1	0	0	0	0
VAMP3	0	0	256	0
Z98884.2	0	0	0	0
PER3	0	0	5	0
Z98884.1	0	0	1	0
UTS2	0	0	0	0
TNFRSF9	0	0	0	0
AL009183.1	0	0	0	0
PARK7	1	0	117	0
RF00019	0	0	0	0
AL034417.4	0	0	3	0
AL034417.3	0	0	0	0
ERRFI1	0	0	423	0
AL034417.2	0	0	0	0
AL034417.1	0	0	63	0
AL358876.1	0	0	0	0
LINC01714	0	0	0	0
RNU1-7P	0	0	0	0
AL358876.2	0	0	0	0
RNU6-991P	0	0	0	0
SLC45A1	0	0	16	0
RERE	0	0	166	0
AL096855.1	0	0	0	0
RF00599	0	0	0	0
AL096855.2	0	0	0	0
RPL7P11	0	0	71	0
RPL7P7	0	0	14	0
AL357552.1	0	0	0	0
AL357552.2	0	0	0	0
RPL23AP19	0	0	0	0
ENO1	1	0	736	0
MIR6728	0	0	0	0
ENO1-AS1	0	0	0	0
RNU6-304P	0	0	0	0
HMGN2P17	0	0	26	0
AL139415.1	0	0	1	0
AL139415.2	0	0	0	0
CA6	1	0	1	0
RN7SL451P	0	0	0	0
SLC2A7	0	0	0	0
SLC2A5	0	0	6	0
RF00424	0	0	0	0
GPR157	2	2	6	1
MIR34AHG	0	0	20	0
MIR34A	0	0	0	0
LINC01759	0	0	3	0
H6PD	0	0	510	0
SPSB1	0	0	54	0
BX323043.1	0	0	0	0
AL928921.2	1	0	2	0
RNA5SP40	0	0	0	0
AL928921.1	0	0	0	0
SLC25A33	0	1	4	0
AL954705.1	0	0	13	0
TMEM201	0	0	7	0
PIK3CD	0	0	27	0
PIK3CD-AS1	0	0	0	0
AL691449.1	0	0	0	0
PIK3CD-AS2	0	0	0	0
CLSTN1	0	0	466	0
MZT1P1	0	0	1	0
AL357140.3	0	1	0	0
CTNNBIP1	0	0	14	0
AL357140.1	0	0	0	0
LZIC	0	0	15	0
AL357140.2	0	0	0	0
NMNAT1	0	1	22	0
RN7SKP269	0	0	0	0
AL357140.4	0	0	0	0
MIR5697	0	0	0	0
AL603962.1	0	0	0	0
RBP7	0	0	0	0
